Searching path: [[10, 2, 8], [1, 7, 4, 3, 9, 5], [6], []] 
Input: (20, 19, 15, 11) Output: [] Orders: (4, 3, 7, 8) Done: False -> for order (4, 3, 7, 8)
Found a path (length=4): 
[(20, 10), (19, 6), (15, 0), (11, 15)]
How it goes: 
[[10, 2, 8], [1, 7, 4, 3, 9, 5], [6], []] 
Input: (20, 19, 15, 11) Output: [] Orders: (4, 3, 7, 8) Done: False

                    |1|              
                    |7|              
  |20|              |4|              
  |19|              |3|   |10|       
  |15|              |9|   |2|        
  |11|        |6|   |5|   |8|        
''####''^^^^''^^^^''^^^^''^^^^''****''
[input]                       [output]
------------ Action: (20, 10) ----------

                    |1|              
                    |7|              
                    |4|   |20|       
  |19|              |3|   |10|       
  |15|              |9|   |2|        
  |11|        |6|   |5|   |8|        
''####''^^^^''^^^^''^^^^''^^^^''****''
[input]                       [output]
------------ Action: (19, 6) ----------

                    |1|              
                    |7|              
                    |4|   |20|       
                    |3|   |10|       
  |15|        |19|  |9|   |2|        
  |11|        |6|   |5|   |8|        
''####''^^^^''^^^^''^^^^''^^^^''****''
[input]                       [output]
------------ Action: (15, 0) ----------

                    |1|              
                    |7|              
                    |4|   |20|       
                    |3|   |10|       
              |19|  |9|   |2|        
  |11|  |15|  |6|   |5|   |8|        
''####''^^^^''^^^^''^^^^''^^^^''****''
[input]                       [output]
------------ Action: (11, 15) ----------

                    |1|              
                    |7|              
                    |4|   |20|       
                    |3|   |10|       
        |11|  |19|  |9|   |2|        
        |15|  |6|   |5|   |8|        
''####''^^^^''^^^^''^^^^''^^^^''****''
[input]                       [output]
[[20, 10, 2, 8], [1, 7, 4, 3, 9, 5], [19, 6], [11, 15]] 
Input: [] Output: [] Orders: (4, 3, 7, 8) Done: True
Total expanded nodes: 85 Time: 0.04
